Figure: Triangle
Color: purple
Sides: 5.0, 6.0
Angle: 48.00000000000001
Area: 11.147172382160914